name: C:\Users\lguertle\AppData\Local\anaconda3\envs\user_interface_app
channels:
  - conda-forge
  - defaults
dependencies:
  - asttokens=2.4.1=pyhd8ed1ab_0
  - bzip2=1.0.8=hcfcfb64_5
  - ca-certificates=2023.11.17=h56e8100_0
  - colorama=0.4.6=pyhd8ed1ab_0
  - comm=0.1.4=pyhd8ed1ab_0
  - debugpy=1.8.0=py312h53d5487_1
  - decorator=5.1.1=pyhd8ed1ab_0
  - exceptiongroup=1.2.0=pyhd8ed1ab_0
  - executing=2.0.1=pyhd8ed1ab_0
  - importlib-metadata=7.0.0=pyha770c72_0
  - importlib_metadata=7.0.0=hd8ed1ab_0
  - ipykernel=6.26.0=pyha63f2e9_0
  - ipython=8.18.1=pyh7428d3b_3
  - jedi=0.19.1=pyhd8ed1ab_0
  - jupyter_client=8.6.0=pyhd8ed1ab_0
  - jupyter_core=5.5.0=py312h2e8e312_0
  - libexpat=2.5.0=h63175ca_1
  - libffi=3.4.2=h8ffe710_5
  - libsodium=1.0.18=h8d14728_1
  - libsqlite=3.44.2=hcfcfb64_0
  - libzlib=1.2.13=hcfcfb64_5
  - matplotlib-inline=0.1.6=pyhd8ed1ab_0
  - nest-asyncio=1.5.8=pyhd8ed1ab_0
  - openssl=3.2.0=hcfcfb64_1
  - packaging=23.2=pyhd8ed1ab_0
  - parso=0.8.3=pyhd8ed1ab_0
  - pickleshare=0.7.5=py_1003
  - pip=23.3.1=pyhd8ed1ab_0
  - platformdirs=4.1.0=pyhd8ed1ab_0
  - prompt-toolkit=3.0.42=pyha770c72_0
  - pure_eval=0.2.2=pyhd8ed1ab_0
  - pygments=2.17.2=pyhd8ed1ab_0
  - python=3.12.0=h2628c8c_0_cpython
  - python-dateutil=2.8.2=pyhd8ed1ab_0
  - python_abi=3.12=4_cp312
  - pywin32=306=py312h53d5487_2
  - pyzmq=25.1.2=py312h1ac6f91_0
  - six=1.16.0=pyh6c4a22f_0
  - stack_data=0.6.2=pyhd8ed1ab_0
  - tk=8.6.13=h5226925_1
  - traitlets=5.14.0=pyhd8ed1ab_0
  - typing_extensions=4.9.0=pyha770c72_0
  - ucrt=10.0.22621.0=h57928b3_0
  - vc=14.3=h64f974e_17
  - vc14_runtime=14.36.32532=hdcecf7f_17
  - vs2015_runtime=14.36.32532=h05e6639_17
  - wcwidth=0.2.12=pyhd8ed1ab_0
  - wheel=0.42.0=pyhd8ed1ab_0
  - xz=5.2.6=h8d14728_0
  - zeromq=4.3.5=h63175ca_0
  - zipp=3.17.0=pyhd8ed1ab_0
  - pip:
      - aicsimageio==4.14.0
      - aiobotocore==2.5.4
      - aiohttp==3.9.1
      - aioitertools==0.11.0
      - aiosignal==1.3.1
      - annotated-types==0.6.0
      - ansi2html==1.8.0
      - asciitree==0.3.3
      - attrs==23.1.0
      - blinker==1.7.0
      - botocore==1.31.17
      - certifi==2023.11.17
      - charset-normalizer==3.3.2
      - click==8.1.7
      - cloudpickle==3.0.0
      - dash==2.14.2
      - dash-bootstrap-components==1.5.0
      - dash-core-components==2.0.0
      - dash-html-components==2.0.0
      - dash-table==5.0.0
      - dask==2023.12.0
      - distributed==2023.12.0
      - elementpath==4.1.5
      - fasteners==0.19
      - flask==3.0.0
      - frozenlist==1.4.0
      - fsspec==2023.6.0
      - idna==3.6
      - imagecodecs==2023.9.18
      - imageio==2.33.1
      - itsdangerous==2.1.2
      - jinja2==3.1.2
      - jmespath==1.0.1
      - lazy-loader==0.3
      - locket==1.0.0
      - lxml==4.9.3
      - markupsafe==2.1.3
      - msgpack==1.0.7
      - multidict==6.0.4
      - networkx==3.2.1
      - numcodecs==0.12.1
      - numpy==1.26.2
      - ome-types==0.4.3
      - ome-zarr==0.8.3
      - pandas==2.1.4
      - partd==1.4.1
      - pillow==10.1.0
      - plotly==5.18.0
      - psutil==5.9.6
      - pydantic==2.5.2
      - pydantic-compat==0.1.2
      - pydantic-core==2.14.5
      - pytz==2023.3.post1
      - pyyaml==6.0.1
      - requests==2.31.0
      - resource-backed-dask-array==0.1.0
      - retrying==1.3.4
      - s3fs==2023.6.0
      - scikit-image==0.22.0
      - scipy==1.11.4
      - setuptools==69.0.2
      - sortedcontainers==2.4.0
      - tblib==3.0.0
      - tenacity==8.2.3
      - tifffile==2023.2.28
      - toolz==0.12.0
      - tornado==6.4
      - typing-extensions==4.8.0
      - tzdata==2023.3
      - urllib3==1.26.18
      - werkzeug==3.0.1
      - wrapt==1.16.0
      - xarray==2023.12.0
      - xmlschema==2.5.0
      - xsdata==23.8
      - yarl==1.9.4
      - zarr==2.15.0
      - zict==3.0.0
prefix: C:\Users\lguertle\AppData\Local\anaconda3\envs\user_interface_app
